\scalebox{\tabscale}{\begin{tabular}{c||c|c|c|c|c|c||c} \\
category & sv & en & no & da & is & cd & total \\ \hline 
articles & 3636766254 & 49692354516 & 0 & 56785123 & 0 & 0 & 53385905893 \\ 
books\_hq & 194753460 & 23992304567 & 0 & 0 & 0 & 0 & 24187058027 \\ 
code & 0 & 0 & 0 & 0 & 0 & 37154674582 & 37154674582 \\ 
conv & 16487215173 & 21026813605 & 152411676 & 720949873 & 41178634 & 0 & 38428568961 \\ 
math & 2466347763 & 2659384075 & 0 & 0 & 0 & 0 & 5125731838 \\ 
misc & 4728645035 & 13709807645 & 13329054570 & 5715454773 & 2897829703 & 0 & 40380791726 \\ 
web\_cc & 45515247133 & 14122646313 & 23454197204 & 28341236813 & 2565634303 & 0 & 113998961766 \\ 
web\_sources & 1706402333 & 36615497 & 0 & 497164426 & 0 & 0 & 2240182256 \\ 
wiki & 265498820 & 3725319836 & 126502563 & 99460658 & 14883159 & 0 & 4231665036 \\ 
total & 75000875971 & 128965246054 & 37062166013 & 35431051666 & 5519525799 & 37154674582 & 319133540085 
\end{tabular}}