\scalebox{\tabscale}{\begin{tabular}{c||c|c|c|c|c|c||c} \\
category & sv & en & no & da & is & cd & total \\ \hline 
articles & 2.37 & 2.06 & 0.00 & 0.03 & 0.00 & 0.00 & 4.46 \\ 
books\_hq & 0.13 & 6.03 & 0.00 & 0.00 & 0.00 & 0.00 & 6.16 \\ 
code & 0.00 & 0.00 & 0.00 & 0.00 & 0.00 & 6.93 & 6.93 \\ 
conv & 10.85 & 6.44 & 0.13 & 0.53 & 0.03 & 0.00 & 17.99 \\ 
math & 1.76 & 0.75 & 0.00 & 0.00 & 0.00 & 0.00 & 2.51 \\ 
misc & 3.27 & 5.77 & 8.81 & 2.59 & 1.79 & 0.00 & 22.22 \\ 
web\_cc & 16.18 & 1.95 & 7.86 & 9.55 & 0.75 & 0.00 & 36.28 \\ 
web\_sources & 1.16 & 0.01 & 0.00 & 0.24 & 0.00 & 0.00 & 1.40 \\ 
wiki & 0.31 & 1.51 & 0.12 & 0.09 & 0.02 & 0.00 & 2.05 \\ 
total & 36.01 & 24.51 & 16.91 & 13.03 & 2.60 & 6.93 & 100.00 
\end{tabular}}