\scalebox{\tabscale}{\begin{tabular}{c||c|c|c|c|c|c||c} \\
category & sv & en & no & da & is & cd & total \\ \hline 
articles & 2.21 & 2.42 & 0.00 & 0.03 & 0.00 & 0.00 & 4.66 \\ 
books\_hq & 0.13 & 6.48 & 0.00 & 0.00 & 0.00 & 0.00 & 6.62 \\ 
code & 0.00 & 0.00 & 0.00 & 0.00 & 0.00 & 8.79 & 8.79 \\ 
conv & 11.14 & 5.68 & 0.10 & 0.49 & 0.03 & 0.00 & 17.44 \\ 
math & 1.33 & 0.57 & 0.00 & 0.00 & 0.00 & 0.00 & 1.91 \\ 
misc & 3.19 & 3.70 & 9.00 & 3.86 & 1.96 & 0.00 & 21.72 \\ 
web\_cc & 15.37 & 1.91 & 7.92 & 9.57 & 0.87 & 0.00 & 35.65 \\ 
web\_sources & 0.92 & 0.01 & 0.00 & 0.27 & 0.00 & 0.00 & 1.20 \\ 
wiki & 0.27 & 1.51 & 0.13 & 0.10 & 0.02 & 0.00 & 2.02 \\ 
total & 34.57 & 22.29 & 17.16 & 14.33 & 2.87 & 8.79 & 100.00 
\end{tabular}}