\scalebox{\tabscale}{\begin{tabular}{c||c|c|c|c|c|c||c} \\
category & sv & en & no & da & is & cd & total \\ \hline 
articles & 1.40 & 9.54 & 0.00 & 0.02 & 0.00 & 0.00 & 10.95 \\ 
books\_hq & 0.11 & 4.60 & 0.00 & 0.00 & 0.00 & 0.00 & 4.72 \\ 
code & 0.00 & 0.00 & 0.00 & 0.00 & 0.00 & 7.13 & 7.13 \\ 
conv & 9.49 & 4.03 & 0.09 & 0.42 & 0.02 & 0.00 & 14.05 \\ 
math & 0.95 & 0.51 & 0.00 & 0.00 & 0.00 & 0.00 & 1.46 \\ 
misc & 2.72 & 2.63 & 7.67 & 3.29 & 1.67 & 0.00 & 17.98 \\ 
web\_cc & 17.47 & 2.71 & 9.00 & 10.88 & 0.98 & 0.00 & 41.04 \\ 
web\_sources & 0.65 & 0.01 & 0.00 & 0.19 & 0.00 & 0.00 & 0.85 \\ 
wiki & 0.20 & 1.43 & 0.10 & 0.08 & 0.01 & 0.00 & 1.82 \\ 
total & 32.99 & 25.46 & 16.86 & 14.87 & 2.69 & 7.13 & 100.00 
\end{tabular}}