\scalebox{\tabscale}{\begin{tabular}{c||c|c|c|c|c|c||c} \\
category & sv & en & no & da & is & cd & total \\ \hline 
articles & 2.28 & 15.57 & 0.00 & 0.04 & 0.00 & 0.00 & 17.89 \\ 
books\_hq & 0.18 & 7.52 & 0.00 & 0.00 & 0.00 & 0.00 & 7.70 \\ 
code & 0.00 & 0.00 & 0.00 & 0.00 & 0.00 & 11.64 & 11.64 \\ 
conv & 15.50 & 6.59 & 0.14 & 0.68 & 0.04 & 0.00 & 22.95 \\ 
math & 1.55 & 0.83 & 0.00 & 0.00 & 0.00 & 0.00 & 2.38 \\ 
misc & 4.45 & 4.30 & 12.53 & 5.37 & 2.72 & 0.00 & 29.37 \\ 
web\_cc & 28.52 & 4.43 & 14.70 & 17.76 & 1.61 & 0.00 & 67.02 \\ 
web\_sources & 1.07 & 0.01 & 0.00 & 0.31 & 0.00 & 0.00 & 1.39 \\ 
wiki & 0.33 & 2.33 & 0.16 & 0.12 & 0.02 & 0.00 & 2.97 \\ 
total & 53.88 & 41.58 & 27.53 & 24.28 & 4.39 & 11.64 & 163.30 
\end{tabular}}